# This puzzle is solvable
13
  8 117 137  89   9  53 165 125  93  15   6  59  13
  1   2   4   5  52 147  18  99 124  11  63  61  16
 86  49 122 140  83  95  10  92 149 100  94 123  96
 54  46   7  88 130  50  30 144  47  98 132  66  65
 36   3  84 162 143 121  97  14  12  56 152  60  58
 39  41 120 111 118  51 160 153 159  20  57 151  21
114  40  45  67  91 110  87  48  17 164 145 166  19
115 112  35  32  78  80 167 163  55  85  26 107 155
142 138 157 116  43 156  72  68 148 154 127  75 133
119  38  73 136 113  34 128  71  62 168 161 126 135
141  79 139  37 105  27   0 131 101 102 106 104  69
 33 158  90  44 109  81 108  42 129  25  29  28  23
 31  82  70  74 150  22  77 146  76 134  24  64 103
