# This puzzle is solvable
20
145 200 143  79 148  83   5  10   9 307  12  88  14 157  15  16  17  18  95  19
257   1  76  82   4 209  80   6  13  11 154  86  87 215  89  90  91  22  93  20
 75  78 146  77   7  81   8 265 206 308 212 210 153 155 216 159  92 268  94  21
296   2 203  72 300 258 150  84  85 261 213 151 214 217 267 219 158 218 160  23
147 201   3 204 207 253 340 149 369 303 152 305 211 156 269 270  98 162  99  24
205  73 255 138  71 202 256 142 208 260 339 264 313 223 312 309 161 222  97  96
144 254 251 330  74 259 298 363 337 263 388 262 271 306 344 221 164 220  25 163
139  69 140 336 332 385 302 334 331 343 301 342 368 266 346 166 225  28  26 167
 70 133 297 141 292 341 386 304 359 338 364 371 345 347 272 311 273 165  27  34
 66  68 362 195 360 326 361 396 366 395 349 335   0 101 315 228 169 100 104 103
299 250 136 248 333 324 383 121 238 310 387 374 370 314 316 226 168 227  29  31
199 137 249  63 289 252 365 392 384 291 399 367 390 317 373 224 230  30 107  37
 67  65 196 127 188 295 285 393 397 275 398 356 352 377 274 353  36 102 106 171
194 197 293  51 327 382 126 389 381 198 235 348 372 376 391 172 232 173 170 110
134 193 245 358 328 135 329 294 394 380 181 286 375 320 278 276 318 105  33 229
 57 131  64 124 192 184 287 378 325 185 379 118 354 117 176 281 321 234 108  39
 54 191  59 247  55  56  48 322 239 284 288 350 113 179 182  43 351 279 277 175
246  62 243 132 290 120 357 187 355 116 180 323 282 280 178 115  40  46  32  38
123  60 129  61 242 244 190 283 240 186  49  47 233 237 319 114 109 111  41  35
 58 130 189 241 128 125  53  50 119 122  52 183 236  45  42 174 177 231 112  44
